6
0
1
0

0 1 0 1 0 0
1 0 0 0 1 0
0 0 0 0 0 1
0 0 0 0 1 0 
0 1 0 1 0 1
0 0 1 0 1 0

3 5

7
0
1
0

0 0 1 0 0 0 0
0 0 0 0 0 0 0
1 0 0 0 0 1 1
0 0 0 0 1 0 0
0 0 0 1 0 0 0
0 0 1 0 0 0 1
0 0 1 0 0 1 0




non-directed:
6
0
0
0

0 1 0 1 0 0
1 0 0 0 1 0
0 0 0 0 0 1
1 0 0 0 1 1 
0 1 0 1 0 1
0 0 1 1 1 0


directed:
6
1
0
0

0 5
2 0
1 0 
0 4
4 1
1 3
3 2
-1 -1


not-connected
6
0
0
0

0 1 
0 3
1 4
2 5
3 4
4 3
-1 -1

connected:
6
0
0
0

0 1 
0 3
1 4
2 5
3 4
3 5
4 3
4 5
-1 -1


